14
13
15
15
10
8
10
4
3
5.5
7
6
6.5
0.5
5
6
5
10
6
6
12
13
9
7
1
2
1
3
6
10
11
4
4
9
8
8
9
8
8
9
7
4
2
4
4
2
2
1
2
2
2
8
1
0
0
5
5
6
9
8
10
12
8
10
11
2
2
7
12
15
12
10
12
10
10
6
5
12
12
13
6
-7
12
7
4
1
3
3
4
9
11
10
6
6
6
9
10
6
10
15
13
13
16
18
24
20
18
24
22
20
22
17
20
25
27
36
35
30
30
29
30
28
26
22
28
32
34
35
37
38
31
28
18
19
18
28
25
25
27
30
23
17
18
18
26
24
23
21
20
20
23
28
22
20
20
19
24
22
24
26
28
23
22
24
27
30
29
30
30
28
32
30
28
33
33
30
28
28
27
27
22
25
25
26
28
26
28
29
32
28
30
28
24
25
25
24
23
24
28
28
30
28
28
30
30
25
28
30
33
34
31
26
26
26
30
29
30
30
31
35
31
34
33
32
31
29
20
22
21
29
31
32
31
26
22
24
23
20
23
20
20
22
23
26
19
21
20
21
20
21
23
24
20
20
20
22
22
21
25
23
20
15
16
16
19
19
18
17
22
13
15
17
14
13
8
9
10
14
16
20
20
18
17
13
11
21
23
16
15
16
15
18
22
21
21
21
28
28
28
31
25
25
22
15
13
17
21
16
23
19
13
18
15
21
19
8
16
5.5
7
9
13
12
7
6
17
13
10
13
14
1.5
2
5.5
5
8
10
8
4
8
6
7
6
7
6
2
4
8
7
9
10
12
9
8
7
8
10
13
15
13
10
9
12
14
16
9
4